0.0000000e+000
  0.0000000e+000
  0.0000000e+000
  0.0000000e+000
  0.0000000e+000
  0.0000000e+000
  0.0000000e+000
  0.0000000e+000
  0.0000000e+000
  1.0500000e-002
  7.5000000e-002
  7.8000000e-002
  6.4500000e-002
  6.4500000e-002
  7.5000000e-002
  9.9000000e-002
  6.1500000e-002
  6.4500000e-002
  7.3500000e-002
  9.0000000e-002
  9.0000000e-002
  8.1000000e-002
  7.5000000e-002
  9.9000000e-002
  8.5500000e-002
  9.7500000e-002
  1.0350000e-001
  1.2600000e-001
  1.1100000e-001
  1.4100000e-001
  1.2600000e-001
  1.2750000e-001
  1.3950000e-001
  1.2900000e-001
  1.3800000e-001
  1.0800000e-001
  1.3200000e-001
  1.2000000e-001
  1.1550000e-001
  9.7500000e-002
  1.1550000e-001
  1.1850000e-001
  1.0800000e-001
  1.3200000e-001
  1.3950000e-001
  1.1250000e-001
  1.4850000e-001
  1.2600000e-001
  1.5450000e-001
  1.6200000e-001
  1.7100000e-001
  1.8300000e-001
  1.6950000e-001
  1.7700000e-001
  1.7700000e-001
  2.2650000e-001
  1.9950000e-001
  2.1600000e-001
  2.1900000e-001
  2.1150000e-001
  2.2050000e-001
  2.4150000e-001
  2.6250000e-001
  3.0300000e-001
  2.6100000e-001
  3.0600000e-001
  3.0450000e-001
  3.1200000e-001
  3.3450000e-001
  3.4800000e-001
  3.6300000e-001
  3.5100000e-001
  3.4500000e-001
  3.5850000e-001
  4.0200000e-001
  4.1100000e-001
  4.4700000e-001
  4.4850000e-001
  4.2900000e-001
  4.2450000e-001
  4.4850000e-001
  4.4850000e-001
  4.1850000e-001
  4.4400000e-001
  4.5150000e-001
  4.6950000e-001
  4.3650000e-001
  4.1850000e-001
  3.9450000e-001
  4.7550000e-001
  4.2750000e-001
  4.4400000e-001
  4.6050000e-001
  4.2600000e-001
  4.2900000e-001
  4.3500000e-001
  4.3950000e-001
  4.3800000e-001
  4.7250000e-001
  4.4850000e-001
  4.6050000e-001
  4.8750000e-001
  4.0650000e-001
  4.1850000e-001
  4.1100000e-001
  4.2750000e-001
  4.0200000e-001
  4.3800000e-001
  4.7100000e-001
  3.9750000e-001
  4.1250000e-001
  3.6000000e-001
  4.1700000e-001
  4.5750000e-001
  4.2150000e-001
  4.1100000e-001
  4.0650000e-001
  3.7500000e-001
  4.3950000e-001
  4.4400000e-001
  4.1700000e-001
  4.0950000e-001
  4.2150000e-001
  4.0350000e-001
  3.9750000e-001
  3.6900000e-001
  3.9450000e-001
  4.0350000e-001
  3.8850000e-001
  3.5550000e-001
  4.0350000e-001
  4.3350000e-001
  3.3750000e-001
  3.4200000e-001
  3.6000000e-001
  3.8850000e-001
  3.6450000e-001
  3.3600000e-001
  3.5850000e-001
  3.5550000e-001
  3.3300000e-001
  3.2400000e-001
  3.6300000e-001
  3.3300000e-001
  3.2100000e-001
  3.1350000e-001
  3.4050000e-001
  3.0600000e-001
  3.2550000e-001
  3.2400000e-001
  3.4950000e-001
  3.0750000e-001
  3.1050000e-001
  2.8200000e-001
  3.0900000e-001
  2.9250000e-001
  3.0750000e-001
  3.1200000e-001
  3.0600000e-001
  2.8800000e-001
  2.7000000e-001
  2.8200000e-001
  2.8800000e-001
  2.7450000e-001
  2.8500000e-001
  2.9250000e-001
  2.8350000e-001
  2.9100000e-001
  2.9700000e-001
  2.7600000e-001
  2.4300000e-001
  2.5350000e-001
  2.2800000e-001
  2.5650000e-001
  2.6550000e-001
  2.4150000e-001
  2.7000000e-001
  2.5500000e-001
  2.5800000e-001
  2.8200000e-001
  2.4900000e-001
  2.4600000e-001
  2.4450000e-001
  2.6100000e-001
  2.5500000e-001
  2.3550000e-001
  2.5350000e-001
  2.4750000e-001
  2.2950000e-001
  2.0550000e-001
  2.4900000e-001
  2.6400000e-001
  2.4150000e-001
  2.3100000e-001
  1.9800000e-001
  2.1750000e-001
  2.3250000e-001
  1.8900000e-001
  2.5050000e-001
  2.2350000e-001
  1.9350000e-001
  2.2950000e-001
  1.9650000e-001
  2.1450000e-001
  1.6350000e-001
  2.1150000e-001
  2.1600000e-001
  2.4750000e-001
  2.0700000e-001
  2.1600000e-001
  1.8150000e-001
  1.9650000e-001
  1.9500000e-001
  1.9800000e-001
  1.7100000e-001
  2.1150000e-001
  1.8000000e-001
  2.1750000e-001
  1.9050000e-001
  1.8900000e-001
  1.8900000e-001
  2.2500000e-001
  1.8900000e-001
  1.6800000e-001
  1.8900000e-001
  1.6200000e-001
  1.8750000e-001
  1.4850000e-001
  1.9200000e-001
  1.6500000e-001
  1.6500000e-001
  1.8150000e-001
  1.5900000e-001
  1.4100000e-001
  2.1000000e-001
  1.7250000e-001
  1.5300000e-001
  1.7850000e-001
  1.6500000e-001
  1.4550000e-001
  1.5150000e-001
  1.5300000e-001
  1.4100000e-001
  1.4850000e-001
  1.6350000e-001
  1.5750000e-001
  1.1250000e-001
  1.3950000e-001
  1.2900000e-001
  1.3950000e-001
  1.3350000e-001
  1.3800000e-001
  1.2000000e-001
  1.6500000e-001
  9.9000000e-002
  8.5500000e-002
  1.1850000e-001
  1.4400000e-001
  1.0350000e-001
  9.7500000e-002
  1.2750000e-001
  1.1700000e-001
  1.0050000e-001
  1.2750000e-001
  1.0500000e-001
  1.0500000e-001
  1.1400000e-001
  1.1700000e-001
  1.0650000e-001
  1.1700000e-001
  7.0500000e-002
  1.1250000e-001
  1.0650000e-001
  9.7500000e-002
  1.3200000e-001
  9.6000000e-002
  9.6000000e-002
  1.0500000e-001
  7.9500000e-002
  9.7500000e-002
  8.2500000e-002
  1.0650000e-001
  1.0050000e-001
  1.0350000e-001
  8.1000000e-002
  9.1500000e-002
  9.7500000e-002
  8.4000000e-002
  8.4000000e-002
  7.8000000e-002
  9.1500000e-002
  9.0000000e-002
  7.8000000e-002
  7.5000000e-002
  8.8500000e-002
  7.3500000e-002
  7.9500000e-002
  7.6500000e-002
  8.7000000e-002
  8.4000000e-002
  8.5500000e-002
  6.6000000e-002
  8.5500000e-002
  7.9500000e-002
  6.9000000e-002
  9.0000000e-002
  9.0000000e-002
  6.6000000e-002
  7.8000000e-002
  8.4000000e-002
  8.7000000e-002
  8.1000000e-002
  7.3500000e-002
  8.2500000e-002
  6.3000000e-002
  6.6000000e-002
  7.3500000e-002
  7.9500000e-002
  5.5500000e-002
  7.6500000e-002
  7.6500000e-002
  5.8500000e-002
  6.7500000e-002
  6.9000000e-002
  7.8000000e-002
  7.5000000e-002
  5.8500000e-002
  6.3000000e-002
  6.7500000e-002
  5.7000000e-002
  7.0500000e-002
  5.4000000e-002
  7.8000000e-002
  6.4500000e-002
  6.7500000e-002
  5.7000000e-002
  6.3000000e-002
  6.0000000e-002
  6.4500000e-002
  6.3000000e-002
  6.4500000e-002
  5.5500000e-002
  6.9000000e-002
  5.1000000e-002
  3.4500000e-002
  3.9000000e-002
  6.4500000e-002
  4.2000000e-002
  4.8000000e-002
  3.6000000e-002
  4.0500000e-002
  4.8000000e-002
  4.6500000e-002
  3.9000000e-002
  4.9500000e-002
  4.8000000e-002
  5.1000000e-002
  3.9000000e-002
  5.2500000e-002
  3.3000000e-002
  3.9000000e-002
  4.3500000e-002
  2.1000000e-002
  4.3500000e-002
  5.8500000e-002
  4.0500000e-002
  4.2000000e-002
  3.7500000e-002
  4.8000000e-002
  4.2000000e-002
  4.3500000e-002
  5.2500000e-002
  5.7000000e-002
  4.2000000e-002
  4.2000000e-002
  3.6000000e-002
  4.0500000e-002
  3.0000000e-002
  3.3000000e-002
  3.3000000e-002
  4.0500000e-002
  4.8000000e-002
  3.4500000e-002
  4.3500000e-002
  4.5000000e-002
  4.0500000e-002
  3.4500000e-002
  3.1500000e-002
  2.8500000e-002
  2.8500000e-002
  3.9000000e-002
  3.4500000e-002
  3.7500000e-002
  3.0000000e-002
  4.2000000e-002
  2.7000000e-002
  3.9000000e-002
  3.6000000e-002
  2.4000000e-002
  3.4500000e-002
  3.4500000e-002
  3.1500000e-002
  3.6000000e-002
  3.1500000e-002
  2.7000000e-002
  3.9000000e-002
  2.2500000e-002
  2.4000000e-002
  3.4500000e-002
  3.1500000e-002
  3.0000000e-002
  3.3000000e-002
  2.4000000e-002
  2.4000000e-002
  2.2500000e-002
  3.4500000e-002
  2.5500000e-002
  2.7000000e-002
  2.7000000e-002
  3.1500000e-002
  2.5500000e-002
  1.5000000e-002
  1.6500000e-002
  3.1500000e-002
  2.8500000e-002
  2.8500000e-002
  1.8000000e-002
  2.1000000e-002
  3.0000000e-002
  2.7000000e-002
  2.1000000e-002
  2.4000000e-002
  2.7000000e-002
  2.4000000e-002
  2.2500000e-002
  2.1000000e-002
  2.4000000e-002
  3.4500000e-002
  3.1500000e-002
  2.4000000e-002
  2.2500000e-002
  2.4000000e-002
  3.0000000e-002
  2.2500000e-002
  2.7000000e-002
  1.8000000e-002
  3.3000000e-002
  3.0000000e-002
  2.4000000e-002
  3.1500000e-002
  3.1500000e-002
  2.1000000e-002
  4.0500000e-002
  2.5500000e-002
  2.8500000e-002
  2.2500000e-002
  3.1500000e-002
  2.7000000e-002
  3.1500000e-002
  3.3000000e-002
  2.4000000e-002
  2.7000000e-002
  2.4000000e-002
  3.3000000e-002
  1.0500000e-002
  1.6500000e-002
  2.2500000e-002
  2.4000000e-002
  2.1000000e-002
  1.5000000e-002
  2.4000000e-002
  2.5500000e-002
  1.8000000e-002
  1.3500000e-002
  2.4000000e-002
  2.4000000e-002
  2.7000000e-002
  1.8000000e-002
  1.8000000e-002
  2.4000000e-002
  3.3000000e-002
  1.3500000e-002
  1.9500000e-002
  2.8500000e-002
  1.2000000e-002
  1.8000000e-002
  1.0500000e-002
  2.7000000e-002
  1.9500000e-002
  2.2500000e-002
  1.6500000e-002
  1.8000000e-002
  2.4000000e-002
  1.9500000e-002
  2.5500000e-002
  2.5500000e-002
  2.1000000e-002
  1.3500000e-002
  2.2500000e-002
  2.4000000e-002
  1.3500000e-002
  2.2500000e-002
  2.8500000e-002
  2.1000000e-002
  2.1000000e-002
  2.5500000e-002
  2.2500000e-002
  2.8500000e-002
  2.4000000e-002
  2.4000000e-002
  1.9500000e-002
  3.0000000e-002
  2.1000000e-002
  1.3500000e-002
  3.1500000e-002
  2.4000000e-002
  1.9500000e-002
  1.5000000e-002
  2.2500000e-002
  2.2500000e-002
  4.9500000e-002
  2.4000000e-002
  2.8500000e-002
  3.6000000e-002
  2.1000000e-002
  2.7000000e-002
  2.4000000e-002
  2.1000000e-002
  3.0000000e-002
  2.5500000e-002
  3.6000000e-002
  2.7000000e-002
  2.2500000e-002
  2.5500000e-002
  3.0000000e-002
  3.1500000e-002
  2.7000000e-002
  2.2500000e-002
  2.8500000e-002
  2.8500000e-002
  4.0500000e-002
  2.2500000e-002
  2.5500000e-002
  3.0000000e-002
  2.8500000e-002
  2.8500000e-002
  1.3500000e-002
  1.5000000e-002
  3.1500000e-002
  3.0000000e-002
  3.3000000e-002
  1.3500000e-002
  2.5500000e-002
  2.5500000e-002
  3.3000000e-002
  2.5500000e-002
  2.7000000e-002
  3.1500000e-002
  3.9000000e-002
  2.1000000e-002
  2.4000000e-002
  3.3000000e-002
  3.1500000e-002
  2.4000000e-002
  4.0500000e-002
  2.8500000e-002
  2.8500000e-002
  2.4000000e-002
  4.9500000e-002
  2.4000000e-002
  2.4000000e-002
  3.1500000e-002
  1.6500000e-002
  2.7000000e-002
  2.8500000e-002
  3.3000000e-002
  2.5500000e-002
  2.2500000e-002
  2.8500000e-002
  2.1000000e-002
  3.3000000e-002
  3.0000000e-002
  2.8500000e-002
  1.9500000e-002
  2.8500000e-002
  3.0000000e-002
  2.1000000e-002
  3.4500000e-002
  3.1500000e-002
  1.9500000e-002
  2.2500000e-002
  1.8000000e-002
  2.4000000e-002
  3.7500000e-002
  2.5500000e-002
  2.2500000e-002
  2.2500000e-002
  3.0000000e-002
  3.4500000e-002
  3.9000000e-002
  2.8500000e-002
  1.9500000e-002
  1.9500000e-002
  2.7000000e-002
  2.5500000e-002
  2.2500000e-002
  2.2500000e-002
  2.7000000e-002
  2.8500000e-002
  2.8500000e-002
  1.0500000e-002
  1.9500000e-002
  2.4000000e-002
  3.4500000e-002
  1.9500000e-002
  1.5000000e-002
  2.1000000e-002
  1.3500000e-002
  1.9500000e-002
  1.5000000e-002
  2.1000000e-002
  1.0500000e-002
  2.2500000e-002
  2.5500000e-002
  1.8000000e-002
  1.6500000e-002
  4.5000000e-003
  2.8500000e-002
  9.0000000e-003
  2.1000000e-002
  7.5000000e-003
  1.9500000e-002
  1.3500000e-002
  1.6500000e-002
  1.5000000e-002
  1.2000000e-002
  1.5000000e-002
  1.3500000e-002
  1.3500000e-002
  1.0500000e-002
  1.5000000e-002
  9.0000000e-003
  1.9500000e-002
  1.9500000e-002
  4.5000000e-003
  9.0000000e-003
  1.5000000e-002
  7.5000000e-003
  1.5000000e-002
  9.0000000e-003
  9.0000000e-003
  1.8000000e-002
  1.3500000e-002
  9.0000000e-003
  4.5000000e-003
  4.5000000e-003
  9.0000000e-003
  0.0000000e+000
  1.3500000e-002
  1.0500000e-002
  1.6500000e-002
  1.2000000e-002
  1.5000000e-002
  1.3500000e-002
  1.3500000e-002
  9.0000000e-003
  1.3500000e-002
  6.0000000e-003
  1.0500000e-002
  1.2000000e-002
  1.9500000e-002
  9.0000000e-003
  6.0000000e-003
  3.0000000e-003
  7.5000000e-003
  9.0000000e-003
  6.0000000e-003
  9.0000000e-003
  9.0000000e-003
  9.0000000e-003
  7.5000000e-003
  1.6500000e-002
  1.3500000e-002
  9.0000000e-003
  1.0500000e-002
  1.0500000e-002
  4.5000000e-003
  4.5000000e-003
  1.5000000e-002
  9.0000000e-003
  6.0000000e-003
  1.0500000e-002
  4.5000000e-003
  1.6500000e-002
  1.3500000e-002
  1.0500000e-002
  9.0000000e-003
  7.5000000e-003
  1.2000000e-002
  9.0000000e-003
  1.0500000e-002
  9.0000000e-003
  1.0500000e-002
  7.5000000e-003
  1.0500000e-002
  6.0000000e-003
  7.5000000e-003
  1.5000000e-002
  7.5000000e-003
  1.2000000e-002
  1.2000000e-002
  6.0000000e-003
  6.0000000e-003
  1.0500000e-002
  9.0000000e-003
  1.0500000e-002
  1.2000000e-002
  4.5000000e-003
  1.0500000e-002
  7.5000000e-003
  7.5000000e-003
  1.0500000e-002
  1.6500000e-002
  1.0500000e-002
  6.0000000e-003
  9.0000000e-003
  1.2000000e-002
  1.3500000e-002
  3.0000000e-003
  1.2000000e-002
  7.5000000e-003
  9.0000000e-003
  7.5000000e-003
  1.2000000e-002
  1.0500000e-002
  1.3500000e-002
  3.0000000e-003
  1.3500000e-002
  7.5000000e-003
  6.0000000e-003
  9.0000000e-003
  9.0000000e-003
  7.5000000e-003
  1.2000000e-002
  6.0000000e-003
  7.5000000e-003
  9.0000000e-003
  9.0000000e-003
  7.5000000e-003
  6.0000000e-003
  4.5000000e-003
  1.2000000e-002
  7.5000000e-003
  4.5000000e-003
  6.0000000e-003
  7.5000000e-003
  9.0000000e-003
  6.0000000e-003
  3.0000000e-003
  1.5000000e-003
  9.0000000e-003
  7.5000000e-003
  4.5000000e-003
  4.5000000e-003
  6.0000000e-003
  1.0500000e-002
  1.0500000e-002
  9.0000000e-003
  3.0000000e-003
  9.0000000e-003
  3.0000000e-003
  7.5000000e-003
  3.0000000e-003
  7.5000000e-003
  6.0000000e-003
  7.5000000e-003
  4.5000000e-003
  3.0000000e-003
  7.5000000e-003
  1.0500000e-002
  7.5000000e-003
  6.0000000e-003
  1.2000000e-002
  7.5000000e-003
  7.5000000e-003
  1.5000000e-002
  6.0000000e-003
  3.0000000e-003
  1.0500000e-002
  6.0000000e-003
  1.5000000e-003
  1.0500000e-002
  1.9500000e-002
  1.0500000e-002
  9.0000000e-003
  1.0500000e-002
  9.0000000e-003
  1.2000000e-002
  4.5000000e-003
  9.0000000e-003
  1.0500000e-002
  9.0000000e-003
  1.5000000e-002
  1.6500000e-002
  7.5000000e-003
  6.0000000e-003
  4.5000000e-003
  6.0000000e-003
  9.0000000e-003
  7.5000000e-003
  7.5000000e-003
  7.5000000e-003
  9.0000000e-003
  4.5000000e-003
  1.6500000e-002
  1.2000000e-002
  7.5000000e-003
  3.0000000e-003
  6.0000000e-003
  1.0500000e-002
  1.0500000e-002
  1.2000000e-002
  4.5000000e-003
  1.5000000e-003
  4.5000000e-003
  7.5000000e-003
  4.5000000e-003
  6.0000000e-003
  1.0500000e-002
  1.0500000e-002
  7.5000000e-003
  6.0000000e-003
  1.5000000e-002
  1.6500000e-002
  1.0500000e-002
  9.0000000e-003
  1.0500000e-002
  1.3500000e-002
  6.0000000e-003
  4.5000000e-003
  9.0000000e-003
  1.2000000e-002
  1.3500000e-002
  1.0500000e-002
  6.0000000e-003
  9.0000000e-003
  1.3500000e-002
  9.0000000e-003
  1.0500000e-002
  3.0000000e-003
  6.0000000e-003
  1.0500000e-002
  9.0000000e-003
  3.0000000e-003
  3.0000000e-003
  3.0000000e-003
  3.0000000e-003
  1.0500000e-002
  0.0000000e+000
  4.5000000e-003
  6.0000000e-003
  1.3500000e-002
  1.0500000e-002
  4.5000000e-003
  1.9500000e-002
  3.0000000e-003
  1.5000000e-003
  6.0000000e-003
  6.0000000e-003
  6.0000000e-003
  1.0500000e-002
  7.5000000e-003
  9.0000000e-003
  1.6500000e-002
  6.0000000e-003
  6.0000000e-003
  4.5000000e-003
  6.0000000e-003
  3.0000000e-003
  1.3500000e-002
  3.0000000e-003
  7.5000000e-003
  7.5000000e-003
  7.5000000e-003
  9.0000000e-003
  1.5000000e-003
  3.0000000e-003
  4.5000000e-003
  3.0000000e-003
  7.5000000e-003
  3.0000000e-003
  4.5000000e-003
  6.0000000e-003
  6.0000000e-003
  6.0000000e-003
  4.5000000e-003
  6.0000000e-003
  3.0000000e-003
  4.5000000e-003
  1.5000000e-003
  9.0000000e-003
  1.0500000e-002
  9.0000000e-003
  1.6500000e-002
  6.0000000e-003
  6.0000000e-003
  4.5000000e-003
  6.0000000e-003
  1.0500000e-002
  7.5000000e-003
  6.0000000e-003
  3.0000000e-003
  1.5000000e-003
  4.5000000e-003
  7.5000000e-003
  1.0500000e-002
  1.2000000e-002
  3.0000000e-003
  6.0000000e-003
  6.0000000e-003
  6.0000000e-003
  3.0000000e-003
  7.5000000e-003
  6.0000000e-003
  7.5000000e-003
  3.0000000e-003
  4.5000000e-003
  7.5000000e-003
  7.5000000e-003
  6.0000000e-003
  7.5000000e-003
  3.0000000e-003
  1.2000000e-002
  6.0000000e-003
  6.0000000e-003
  4.5000000e-003
  4.5000000e-003
  3.0000000e-003
  7.5000000e-003
  4.5000000e-003
  7.5000000e-003
  1.0500000e-002
  1.6500000e-002
  3.0000000e-003
  9.0000000e-003
  9.0000000e-003
  3.0000000e-003
  3.0000000e-003
  4.5000000e-003
  3.0000000e-003
  1.2000000e-002
  1.5000000e-003
  6.0000000e-003
  6.0000000e-003
  9.0000000e-003
  6.0000000e-003
  9.0000000e-003
  7.5000000e-003
  4.5000000e-003
  9.0000000e-003
  6.0000000e-003
  4.5000000e-003
  9.0000000e-003
  6.0000000e-003
  9.0000000e-003
  7.5000000e-003
  6.0000000e-003
  1.0500000e-002
  1.2000000e-002
  3.0000000e-003
  1.5000000e-003
  4.5000000e-003
  6.0000000e-003
  6.0000000e-003
  4.5000000e-003
  4.5000000e-003
  3.0000000e-003
  6.0000000e-003
  4.5000000e-003
  4.5000000e-003
  1.5000000e-003
  7.5000000e-003
  6.0000000e-003
  4.5000000e-003
  3.0000000e-003
  7.5000000e-003
  7.5000000e-003
  9.0000000e-003
  4.5000000e-003
  9.0000000e-003
  0.0000000e+000
  9.0000000e-003
  3.0000000e-003
  6.0000000e-003
  3.0000000e-003
  3.0000000e-003
  1.0500000e-002
  6.0000000e-003
  9.0000000e-003
  6.0000000e-003
  7.5000000e-003
  1.0500000e-002
  7.5000000e-003
  3.0000000e-003
  6.0000000e-003
  3.0000000e-003
  9.0000000e-003
  3.0000000e-003
  6.0000000e-003
  3.0000000e-003
  4.5000000e-003
  1.0500000e-002
  1.2000000e-002
  4.5000000e-003
  4.5000000e-003
  4.5000000e-003
  4.5000000e-003
  9.0000000e-003
  9.0000000e-003
  4.5000000e-003
  1.5000000e-003
  3.0000000e-003
  2.2500000e-002
  3.0000000e-003
  3.0000000e-003
  3.0000000e-003
  6.0000000e-003
  1.5000000e-003
  6.0000000e-003
  0.0000000e+000
  1.2000000e-002
  3.0000000e-003
  1.3500000e-002
  9.0000000e-003
  6.0000000e-003
  7.5000000e-003
  9.0000000e-003
  7.5000000e-003
  7.5000000e-003
  1.2000000e-002
  3.0000000e-003
  7.5000000e-003
  3.0000000e-003
  3.0000000e-003
  6.0000000e-003
  4.5000000e-003
  4.5000000e-003
  4.5000000e-003
  0.0000000e+000
  9.0000000e-003
  1.5000000e-003
  4.5000000e-003
  1.5000000e-003
  6.0000000e-003
  4.5000000e-003
  1.5000000e-003
  9.0000000e-003
  1.5000000e-003
  3.0000000e-003
  7.5000000e-003
  7.5000000e-003
  6.0000000e-003
  9.0000000e-003
  1.0500000e-002
  1.0500000e-002
  4.5000000e-003
  9.0000000e-003
  3.0000000e-003
  9.0000000e-003
  1.0500000e-002
  3.0000000e-003
  9.0000000e-003
  4.5000000e-003
  6.0000000e-003
  3.0000000e-003
  0.0000000e+000
  4.5000000e-003
  4.5000000e-003
  1.5000000e-003
  1.5000000e-003
  6.0000000e-003
  3.0000000e-003
  1.5000000e-003
  1.5000000e-003
  9.0000000e-003
  3.0000000e-003
  4.5000000e-003
  6.0000000e-003
  3.0000000e-003
  1.5000000e-003
  3.0000000e-003
  4.5000000e-003
  6.0000000e-003
  4.5000000e-003
  4.5000000e-003
  1.5000000e-003
  3.0000000e-003
  4.5000000e-003
  3.0000000e-003
  3.0000000e-003
  4.5000000e-003
  3.0000000e-003
  7.5000000e-003
  4.5000000e-003
  4.5000000e-003
  3.0000000e-003
  1.5000000e-003
  1.5000000e-003
  6.0000000e-003
  3.0000000e-003
  0.0000000e+000
  0.0000000e+000
  1.5000000e-003
  4.5000000e-003
  6.0000000e-003
  1.5000000e-003
  1.5000000e-003
  3.0000000e-003
  4.5000000e-003
  4.5000000e-003
  3.0000000e-003
  0.0000000e+000
  6.0000000e-003
  3.0000000e-003
  4.5000000e-003
  4.5000000e-003
  3.0000000e-003
  3.0000000e-003
  3.0000000e-003
  4.5000000e-003
  1.5000000e-003
  1.5000000e-003
  3.0000000e-003
  1.5000000e-003
  3.0000000e-003
  1.5000000e-003
  3.0000000e-003
  6.0000000e-003
  1.5000000e-003
  0.0000000e+000
  0.0000000e+000
  6.0000000e-003
  6.0000000e-003
  4.5000000e-003
  0.0000000e+000
  3.0000000e-003
  7.5000000e-003
  3.0000000e-003
  1.5000000e-003
  0.0000000e+000
  3.0000000e-003
  0.0000000e+000
  1.0500000e-002
  7.5000000e-003
  4.5000000e-003
  1.5000000e-003
  3.0000000e-003
  6.0000000e-003
  3.0000000e-003
  0.0000000e+000
  3.0000000e-003
  1.5000000e-003
  1.5000000e-003
  3.0000000e-003
  1.5000000e-003
  6.0000000e-003
  4.5000000e-003
  4.5000000e-003
  1.5000000e-003
  4.5000000e-003
  4.5000000e-003
  1.5000000e-003
  6.0000000e-003
  3.0000000e-003
  1.5000000e-003
  4.5000000e-003
  0.0000000e+000
  4.5000000e-003
  0.0000000e+000
  4.5000000e-003
  1.5000000e-003
  1.5000000e-003
  6.0000000e-003
  1.5000000e-003
  1.5000000e-003
  4.5000000e-003
  4.5000000e-003
  3.0000000e-003
  3.0000000e-003
  4.5000000e-003
  4.5000000e-003
  4.5000000e-003
  3.0000000e-003
  1.5000000e-003
  4.5000000e-003
  3.0000000e-003
  1.5000000e-003
  3.0000000e-003
  4.5000000e-003
  1.5000000e-003
  7.5000000e-003
  4.5000000e-003
  3.0000000e-003
  4.5000000e-003
  3.0000000e-003
  7.5000000e-003
  1.5000000e-003
  3.0000000e-003
  4.5000000e-003
  1.5000000e-003
  3.0000000e-003
  0.0000000e+000
  4.5000000e-003
  1.5000000e-003
  7.5000000e-003
  1.5000000e-003
  6.0000000e-003
  0.0000000e+000
  1.5000000e-003
  1.5000000e-003
  3.0000000e-003
  3.0000000e-003
  4.5000000e-003
  4.5000000e-003
  3.0000000e-003
  9.0000000e-003
  4.5000000e-003
  6.0000000e-003
  3.0000000e-003
  6.0000000e-003
  4.5000000e-003
  3.0000000e-003
  9.0000000e-003
  6.0000000e-003
  6.0000000e-003
  1.5000000e-003
  0.0000000e+000
  6.0000000e-003
  3.0000000e-003
  6.0000000e-003
  6.0000000e-003
  7.5000000e-003
  4.5000000e-003
  4.5000000e-003
  6.0000000e-003
  7.5000000e-003
  1.5000000e-003
  4.5000000e-003
  1.0500000e-002
  3.0000000e-003
  7.5000000e-003
  4.5000000e-003
  9.0000000e-003
  4.5000000e-003
  9.0000000e-003
  4.5000000e-003
  6.0000000e-003
  4.5000000e-003
  4.5000000e-003
  1.0500000e-002
  7.5000000e-003
  3.0000000e-003
  1.5000000e-003
  6.0000000e-003
  1.2000000e-002
  6.0000000e-003
  3.0000000e-003
  7.5000000e-003
  1.5000000e-003
  4.5000000e-003
  9.0000000e-003
  7.5000000e-003
  7.5000000e-003
  6.0000000e-003
  6.0000000e-003
  9.0000000e-003
  9.0000000e-003
  4.5000000e-003
  9.0000000e-003
  3.0000000e-003
  9.0000000e-003
  6.0000000e-003
  1.0500000e-002
  1.2000000e-002
  7.5000000e-003
  4.5000000e-003
  0.0000000e+000
  1.5000000e-003
  1.0500000e-002
  9.0000000e-003
  3.0000000e-003
  6.0000000e-003
  3.0000000e-003
  1.2000000e-002
  7.5000000e-003
  6.0000000e-003
  3.0000000e-003
  6.0000000e-003
  4.5000000e-003
  7.5000000e-003
  3.0000000e-003
  6.0000000e-003
  4.5000000e-003
  4.5000000e-003
  6.0000000e-003
  4.5000000e-003
  4.5000000e-003
  6.0000000e-003
  1.5000000e-003
  6.0000000e-003
  1.2000000e-002
  6.0000000e-003
  3.0000000e-003
  4.5000000e-003
  7.5000000e-003
  4.5000000e-003
  3.0000000e-003
  0.0000000e+000
  6.0000000e-003
  7.5000000e-003
  3.0000000e-003
  4.5000000e-003
  0.0000000e+000
  3.0000000e-003
  7.5000000e-003
  6.0000000e-003
  4.5000000e-003
  7.5000000e-003
  3.0000000e-003
  0.0000000e+000
  9.0000000e-003
  0.0000000e+000
  4.5000000e-003
  6.0000000e-003
  4.5000000e-003
  4.5000000e-003
  6.0000000e-003
  3.0000000e-003
  1.5000000e-003
  1.5000000e-003
  1.5000000e-003
  1.5000000e-003
  4.5000000e-003
  0.0000000e+000
  1.5000000e-003
  6.0000000e-003
  3.0000000e-003
  1.5000000e-003
  3.0000000e-003
  4.5000000e-003
  0.0000000e+000
  1.5000000e-003
  4.5000000e-003
  4.5000000e-003
  1.5000000e-003
  1.5000000e-003
  3.0000000e-003
  1.5000000e-003
  0.0000000e+000
  0.0000000e+000
  1.5000000e-003
  6.0000000e-003
  0.0000000e+000
  0.0000000e+000
  1.5000000e-003
  3.0000000e-003
  6.0000000e-003
  0.0000000e+000
  4.5000000e-003
  1.5000000e-003
  3.0000000e-003
  3.0000000e-003
  1.5000000e-003
  1.5000000e-003
  3.0000000e-003
  3.0000000e-003
  4.5000000e-003
  1.5000000e-003
  1.5000000e-003
  0.0000000e+000
  4.5000000e-003
  1.5000000e-003
  4.5000000e-003
  1.5000000e-003
  1.5000000e-003
  4.5000000e-003
  1.5000000e-003
  4.5000000e-003
  0.0000000e+000
  1.5000000e-003
  1.5000000e-003
  1.5000000e-003
  4.5000000e-003
  1.5000000e-003
  6.0000000e-003
  3.0000000e-003
  3.0000000e-003
  1.5000000e-003
  1.5000000e-003
  3.0000000e-003
  1.5000000e-003
  1.5000000e-003
  4.5000000e-003
  0.0000000e+000
  0.0000000e+000
  3.0000000e-003
  1.5000000e-003
  0.0000000e+000
  0.0000000e+000
  6.0000000e-003
  0.0000000e+000
  1.5000000e-003
  1.5000000e-003
  1.5000000e-003
  1.5000000e-003
  3.0000000e-003
  0.0000000e+000
  1.5000000e-003
  1.5000000e-003
  0.0000000e+000
  3.0000000e-003
  1.5000000e-003
  1.5000000e-003
  3.0000000e-003
  1.5000000e-003
  3.0000000e-003
  1.5000000e-003
  0.0000000e+000
  3.0000000e-003
  3.0000000e-003
  1.5000000e-003
  1.5000000e-003
  3.0000000e-003
  1.5000000e-003
  0.0000000e+000
  3.0000000e-003
  7.5000000e-003
  0.0000000e+000
  0.0000000e+000
  0.0000000e+000
  0.0000000e+000
  1.5000000e-003
  1.5000000e-003
  1.5000000e-003
  1.5000000e-003
  3.0000000e-003
  1.5000000e-003
  1.5000000e-003
  1.5000000e-003
  0.0000000e+000
  1.5000000e-003
  1.5000000e-003
  1.5000000e-003
  0.0000000e+000
  1.5000000e-003
  3.0000000e-003
  0.0000000e+000
  0.0000000e+000
  0.0000000e+000
  3.0000000e-003
  3.0000000e-003
  3.0000000e-003
  1.5000000e-003
  1.5000000e-003
  3.0000000e-003
  1.5000000e-003
  3.0000000e-003
  6.0000000e-003
  1.5000000e-003
  3.0000000e-003
  1.5000000e-003
  4.5000000e-003
  3.0000000e-003
  0.0000000e+000
  0.0000000e+000
  0.0000000e+000
  3.0000000e-003
  1.5000000e-003
  0.0000000e+000
  3.0000000e-003
  0.0000000e+000
  0.0000000e+000
  0.0000000e+000
  0.0000000e+000
  6.0000000e-003
  4.5000000e-003
  0.0000000e+000
  0.0000000e+000
  0.0000000e+000
  0.0000000e+000
  1.5000000e-003
  1.5000000e-003
  0.0000000e+000
  0.0000000e+000
  0.0000000e+000
  0.0000000e+000
  1.5000000e-003
  1.5000000e-003
  0.0000000e+000
  0.0000000e+000
  3.0000000e-003
  0.0000000e+000
  0.0000000e+000
  0.0000000e+000
  0.0000000e+000
  1.5000000e-003
  3.0000000e-003
  3.0000000e-003
  1.5000000e-003
  1.5000000e-003
  3.0000000e-003
  3.0000000e-003
  3.0000000e-003
  0.0000000e+000
  3.0000000e-003
  0.0000000e+000
  1.5000000e-003
  0.0000000e+000
  3.0000000e-003
  1.5000000e-003
  3.0000000e-003
  1.5000000e-003
  1.5000000e-003
  0.0000000e+000
  3.0000000e-003
  1.5000000e-003
  1.5000000e-003
  0.0000000e+000
  1.5000000e-003
  0.0000000e+000
  1.5000000e-003
  1.5000000e-003
  0.0000000e+000
  1.5000000e-003
  0.0000000e+000
  3.0000000e-003
  1.5000000e-003
  1.5000000e-003
  1.5000000e-003
  4.5000000e-003
  1.5000000e-003
  1.5000000e-003
  1.5000000e-003
  1.5000000e-003
  4.5000000e-003
  1.5000000e-003
  1.5000000e-003
  1.5000000e-003
  1.5000000e-003
  1.5000000e-003
  1.5000000e-003
  0.0000000e+000
  0.0000000e+000
  0.0000000e+000
  0.0000000e+000
  0.0000000e+000
  6.0000000e-003
  1.5000000e-003
  3.0000000e-003
  4.5000000e-003
  1.5000000e-003
  1.5000000e-003
  1.5000000e-003
  0.0000000e+000
  3.0000000e-003
  3.0000000e-003
  1.5000000e-003
  0.0000000e+000
  0.0000000e+000
  0.0000000e+000
  1.5000000e-003
  3.0000000e-003
  0.0000000e+000
  0.0000000e+000
  3.0000000e-003
  3.0000000e-003
  1.5000000e-003
  0.0000000e+000
  1.5000000e-003
  0.0000000e+000
  1.5000000e-003
  1.5000000e-003
  1.5000000e-003
  0.0000000e+000
  3.0000000e-003
  0.0000000e+000
  1.5000000e-003
  1.5000000e-003
  0.0000000e+000
  1.5000000e-003
  1.5000000e-003
  0.0000000e+000
  1.5000000e-003
  0.0000000e+000
  0.0000000e+000
  0.0000000e+000
  0.0000000e+000
  3.0000000e-003
  1.5000000e-003
  0.0000000e+000
  3.0000000e-003
  0.0000000e+000
  1.5000000e-003
  1.5000000e-003
  0.0000000e+000
  1.5000000e-003
  1.5000000e-003
  1.5000000e-003
  0.0000000e+000
  0.0000000e+000
  0.0000000e+000
  1.5000000e-003
  3.0000000e-003
  0.0000000e+000
  1.5000000e-003
  0.0000000e+000
  1.5000000e-003
  1.5000000e-003
  1.5000000e-003
  0.0000000e+000
  1.5000000e-003
  0.0000000e+000
  0.0000000e+000
  0.0000000e+000
  4.5000000e-003
  3.0000000e-003
  4.5000000e-003
  1.5000000e-003
  0.0000000e+000
  1.5000000e-003
  0.0000000e+000
  0.0000000e+000
  3.0000000e-003
  1.5000000e-003
  0.0000000e+000
  0.0000000e+000
  1.5000000e-003
  3.0000000e-003
  0.0000000e+000
  0.0000000e+000
  1.5000000e-003
  0.0000000e+000
  1.5000000e-003
  1.5000000e-003
  1.5000000e-003
  0.0000000e+000
  0.0000000e+000
  1.5000000e-003
  3.0000000e-003
  3.0000000e-003
  0.0000000e+000
  1.5000000e-003
  0.0000000e+000
  0.0000000e+000
  3.0000000e-003
  0.0000000e+000
  1.5000000e-003
  0.0000000e+000
  0.0000000e+000
  0.0000000e+000
  4.5000000e-003
  1.5000000e-003
  0.0000000e+000
  0.0000000e+000
  0.0000000e+000
  3.0000000e-003
  0.0000000e+000
  1.5000000e-003
  0.0000000e+000
  0.0000000e+000
  1.5000000e-003
  0.0000000e+000
  1.5000000e-003
  1.5000000e-003
  1.5000000e-003
  0.0000000e+000
  3.0000000e-003
  0.0000000e+000
  0.0000000e+000
  1.5000000e-003
  0.0000000e+000
  0.0000000e+000
  3.0000000e-003
  0.0000000e+000
  1.5000000e-003
  4.5000000e-003
  0.0000000e+000
  1.5000000e-003
  0.0000000e+000
  0.0000000e+000
  0.0000000e+000
  0.0000000e+000
  0.0000000e+000
  0.0000000e+000
  0.0000000e+000
  1.5000000e-003
  0.0000000e+000
  1.5000000e-003
  3.0000000e-003
  1.5000000e-003
  1.5000000e-003
  0.0000000e+000
  0.0000000e+000
  0.0000000e+000
  0.0000000e+000
  0.0000000e+000
  0.0000000e+000
  0.0000000e+000
  0.0000000e+000
  0.0000000e+000
  0.0000000e+000
  3.0000000e-003
  1.5000000e-003
  0.0000000e+000
  0.0000000e+000
  0.0000000e+000
  3.0000000e-003
  0.0000000e+000
  1.5000000e-003
  0.0000000e+000
  3.0000000e-003
  0.0000000e+000
  1.5000000e-003
  1.5000000e-003
  0.0000000e+000
  0.0000000e+000
  4.5000000e-003
  0.0000000e+000
  0.0000000e+000
  1.5000000e-003
  0.0000000e+000
  0.0000000e+000
  0.0000000e+000
  0.0000000e+000
  0.0000000e+000
  0.0000000e+000
  0.0000000e+000
  0.0000000e+000
  0.0000000e+000
  0.0000000e+000
  1.5000000e-003
  0.0000000e+000
  1.5000000e-003
  1.5000000e-003
  0.0000000e+000
  0.0000000e+000
  3.0000000e-003
  1.5000000e-003
  0.0000000e+000
  0.0000000e+000
  0.0000000e+000
  0.0000000e+000
  3.0000000e-003
  1.5000000e-003
  1.5000000e-003
  0.0000000e+000
  0.0000000e+000
  1.5000000e-003
  0.0000000e+000
  0.0000000e+000
  0.0000000e+000
  3.0000000e-003
  0.0000000e+000
  0.0000000e+000
  0.0000000e+000
  0.0000000e+000
  1.5000000e-003
  0.0000000e+000
  1.5000000e-003
  1.5000000e-003
  0.0000000e+000
  0.0000000e+000
  0.0000000e+000
  0.0000000e+000
  0.0000000e+000
  0.0000000e+000
  1.5000000e-003
  0.0000000e+000
  0.0000000e+000
  0.0000000e+000
  0.0000000e+000
  0.0000000e+000
  0.0000000e+000
  0.0000000e+000
  1.5000000e-003
  4.5000000e-003
  0.0000000e+000
  0.0000000e+000
  1.5000000e-003
  3.0000000e-003
  3.0000000e-003
  0.0000000e+000
  0.0000000e+000
  3.0000000e-003
  0.0000000e+000
  1.5000000e-003
  0.0000000e+000
  1.5000000e-003
  0.0000000e+000
  0.0000000e+000
  0.0000000e+000
  0.0000000e+000
  0.0000000e+000
  0.0000000e+000
  0.0000000e+000
  0.0000000e+000
  0.0000000e+000
  0.0000000e+000
  0.0000000e+000
  1.5000000e-003
  0.0000000e+000
  0.0000000e+000
  1.5000000e-003
  0.0000000e+000
  0.0000000e+000
  0.0000000e+000
  0.0000000e+000
  1.5000000e-003
  0.0000000e+000
  0.0000000e+000
  1.5000000e-003
  0.0000000e+000
  0.0000000e+000
  1.5000000e-003
  0.0000000e+000
  0.0000000e+000
  0.0000000e+000
  0.0000000e+000
  0.0000000e+000
  1.5000000e-003
  0.0000000e+000
  1.5000000e-003
  1.5000000e-003
  1.5000000e-003
  3.0000000e-003
  1.5000000e-003
  0.0000000e+000
  3.0000000e-003
  1.5000000e-003
  0.0000000e+000
  0.0000000e+000
  0.0000000e+000
  3.0000000e-003
  0.0000000e+000
  1.5000000e-003
  1.5000000e-003
  0.0000000e+000
  3.0000000e-003
  1.5000000e-003
  1.5000000e-003
  1.5000000e-003
  0.0000000e+000
  0.0000000e+000
  0.0000000e+000
  1.5000000e-003
  0.0000000e+000
  3.0000000e-003
  0.0000000e+000
  0.0000000e+000
  0.0000000e+000
  1.5000000e-003
  0.0000000e+000
  1.5000000e-003
  0.0000000e+000
  0.0000000e+000
  0.0000000e+000
  0.0000000e+000
  3.0000000e-003
  0.0000000e+000
  0.0000000e+000
  0.0000000e+000
  1.5000000e-003
  1.5000000e-003
  0.0000000e+000
  1.5000000e-003
  0.0000000e+000
  3.0000000e-003
  1.5000000e-003
  0.0000000e+000
  0.0000000e+000
  0.0000000e+000
  1.5000000e-003
  1.5000000e-003
  1.5000000e-003
  0.0000000e+000
  0.0000000e+000
  0.0000000e+000
  0.0000000e+000
  0.0000000e+000
  0.0000000e+000
  0.0000000e+000
  0.0000000e+000
  1.5000000e-003
  0.0000000e+000
  0.0000000e+000
  1.5000000e-003
  1.5000000e-003
  1.5000000e-003
  4.5000000e-003
  0.0000000e+000
  0.0000000e+000
  0.0000000e+000
  0.0000000e+000
  1.5000000e-003
  3.0000000e-003
  0.0000000e+000
  0.0000000e+000
  0.0000000e+000
  1.5000000e-003
  1.5000000e-003
  1.5000000e-003
  1.5000000e-003
  1.5000000e-003
  0.0000000e+000
  1.5000000e-003
  0.0000000e+000
  1.5000000e-003
  0.0000000e+000
  0.0000000e+000
  4.5000000e-003
  0.0000000e+000
  3.0000000e-003
  1.5000000e-003
  0.0000000e+000
  0.0000000e+000
  4.5000000e-003
  1.5000000e-003
  0.0000000e+000
  1.5000000e-003
  3.0000000e-003
  0.0000000e+000
  3.0000000e-003
  1.5000000e-003
  0.0000000e+000
  3.0000000e-003
  0.0000000e+000
  1.5000000e-003
  0.0000000e+000
  0.0000000e+000
  0.0000000e+000
  0.0000000e+000
  1.5000000e-003
  1.5000000e-003
  1.5000000e-003
  1.5000000e-003
  1.5000000e-003
  0.0000000e+000
  3.0000000e-003
  1.5000000e-003
  0.0000000e+000
  0.0000000e+000
  0.0000000e+000
  1.5000000e-003
  0.0000000e+000
  0.0000000e+000
  0.0000000e+000
  0.0000000e+000
  1.5000000e-003
  3.0000000e-003
  0.0000000e+000
  1.5000000e-003
  1.5000000e-003
  0.0000000e+000
  4.5000000e-003
  1.5000000e-003
  0.0000000e+000
  0.0000000e+000
  0.0000000e+000
  0.0000000e+000
  0.0000000e+000
  1.5000000e-003
  0.0000000e+000
  0.0000000e+000
  1.5000000e-003
  1.5000000e-003
  0.0000000e+000
  0.0000000e+000
  1.5000000e-003
  3.0000000e-003
  0.0000000e+000
  1.5000000e-003
  0.0000000e+000
  3.0000000e-003
  0.0000000e+000
  0.0000000e+000
  1.5000000e-003
  1.5000000e-003
  1.5000000e-003
  1.5000000e-003
  0.0000000e+000
  0.0000000e+000
  1.5000000e-003
  3.0000000e-003
  0.0000000e+000
  0.0000000e+000
  0.0000000e+000
  0.0000000e+000
  0.0000000e+000
  1.5000000e-003
  0.0000000e+000
  0.0000000e+000
  0.0000000e+000
  0.0000000e+000
  0.0000000e+000
  0.0000000e+000
  0.0000000e+000
  0.0000000e+000
  0.0000000e+000
  0.0000000e+000
  0.0000000e+000
  0.0000000e+000
  0.0000000e+000
  0.0000000e+000
  0.0000000e+000
  0.0000000e+000
  0.0000000e+000
  0.0000000e+000
  0.0000000e+000
  0.0000000e+000
  0.0000000e+000
  0.0000000e+000
  0.0000000e+000
  0.0000000e+000
  0.0000000e+000
  0.0000000e+000
  0.0000000e+000
  0.0000000e+000
  0.0000000e+000
  0.0000000e+000
  0.0000000e+000
  0.0000000e+000
  0.0000000e+000
  0.0000000e+000
  0.0000000e+000
  0.0000000e+000
  0.0000000e+000
  0.0000000e+000
  0.0000000e+000
  0.0000000e+000
  0.0000000e+000
  0.0000000e+000
  0.0000000e+000
  0.0000000e+000
  0.0000000e+000
  0.0000000e+000
  0.0000000e+000
  0.0000000e+000
  0.0000000e+000