0.0000000e+000
  0.0000000e+000
  0.0000000e+000
  0.0000000e+000
  0.0000000e+000
  0.0000000e+000
  0.0000000e+000
  0.0000000e+000
  1.0000000e-004
  2.1000000e-003
  3.6930000e-001
  6.1640000e-001
  6.8790000e-001
  7.0280000e-001
  7.2490000e-001
  7.1250000e-001
  7.4110000e-001
  7.4530000e-001
  7.5870000e-001
  7.4650000e-001
  7.7610000e-001
  7.5950000e-001
  7.7840000e-001
  7.8730000e-001
  7.9380000e-001
  8.0530000e-001
  8.4110000e-001
  8.2890000e-001
  8.4960000e-001
  8.5320000e-001
  8.7840000e-001
  8.8980000e-001
  8.9280000e-001
  8.8990000e-001
  8.9150000e-001
  9.0730000e-001
  8.8820000e-001
  8.8020000e-001
  8.9820000e-001
  8.6550000e-001
  8.8940000e-001
  8.8990000e-001
  8.8530000e-001
  8.9780000e-001
  9.0330000e-001
  9.3250000e-001
  9.0920000e-001
  9.0590000e-001
  9.2450000e-001
  9.4270000e-001
  9.6100000e-001
  9.5370000e-001
  9.7020000e-001
  9.6810000e-001
  9.6940000e-001
  9.9690000e-001
  1.0023000e+000
  1.0114000e+000
  1.0303000e+000
  1.0346000e+000
  1.0447000e+000
  1.0638000e+000
  1.0910000e+000
  1.0840000e+000
  1.1103000e+000
  1.1133000e+000
  1.1488000e+000
  1.1653000e+000
  1.1879000e+000
  1.1961000e+000
  1.2561000e+000
  1.2485000e+000
  1.2555000e+000
  1.2809000e+000
  1.3212000e+000
  1.3460000e+000
  1.3325000e+000
  1.3721000e+000
  1.3535000e+000
  1.3808000e+000
  1.3781000e+000
  1.3828000e+000
  1.3895000e+000
  1.3901000e+000
  1.4182000e+000
  1.4113000e+000
  1.4106000e+000
  1.3888000e+000
  1.4104000e+000
  1.4391000e+000
  1.4296000e+000
  1.4222000e+000
  1.4225000e+000
  1.4411000e+000
  1.4235000e+000
  1.4281000e+000
  1.4325000e+000
  1.4449000e+000
  1.4222000e+000
  1.4184000e+000
  1.4302000e+000
  1.4173000e+000
  1.4470000e+000
  1.4478000e+000
  1.4756000e+000
  1.4738000e+000
  1.4628000e+000
  1.4751000e+000
  1.4893000e+000
  1.4730000e+000
  1.5166000e+000
  1.4893000e+000
  1.5120000e+000
  1.5071000e+000
  1.4820000e+000
  1.4990000e+000
  1.5216000e+000
  1.4949000e+000
  1.5089000e+000
  1.5086000e+000
  1.5382000e+000
  1.5043000e+000
  1.5022000e+000
  1.5116000e+000
  1.5122000e+000
  1.5003000e+000
  1.5309000e+000
  1.5115000e+000
  1.5006000e+000
  1.5175000e+000
  1.4954000e+000
  1.4999000e+000
  1.4950000e+000
  1.5045000e+000
  1.5110000e+000
  1.5022000e+000
  1.5157000e+000
  1.5088000e+000
  1.5138000e+000
  1.5096000e+000
  1.5107000e+000
  1.4975000e+000
  1.5293000e+000
  1.5092000e+000
  1.5307000e+000
  1.5312000e+000
  1.5344000e+000
  1.5490000e+000
  1.5718000e+000
  1.5492000e+000
  1.5543000e+000
  1.5560000e+000
  1.5631000e+000
  1.5675000e+000
  1.5941000e+000
  1.6108000e+000
  1.6287000e+000
  1.6486000e+000
  1.6516000e+000
  1.6576000e+000
  1.6937000e+000
  1.7111000e+000
  1.7330000e+000
  1.7676000e+000
  1.8141000e+000
  1.8303000e+000
  1.8636000e+000
  1.9291000e+000
  1.9366000e+000
  1.9762000e+000
  1.9928000e+000
  2.0230000e+000
  2.0799000e+000
  2.0778000e+000
  2.1074000e+000
  2.1810000e+000
  2.1704000e+000
  2.2221000e+000
  2.2405000e+000
  2.2400000e+000
  2.2796000e+000
  2.2604000e+000
  2.2791000e+000
  2.3146000e+000
  2.2651000e+000
  2.2611000e+000
  2.2503000e+000
  2.2408000e+000
  2.2261000e+000
  2.2095000e+000
  2.1893000e+000
  2.1749000e+000
  2.1310000e+000
  2.1377000e+000
  2.1025000e+000
  2.0690000e+000
  2.0117000e+000
  1.9990000e+000
  1.9444000e+000
  1.9368000e+000
  1.9122000e+000
  1.8690000e+000
  1.8272000e+000
  1.7806000e+000
  1.7973000e+000
  1.7458000e+000
  1.7172000e+000
  1.6986000e+000
  1.6393000e+000
  1.6387000e+000
  1.6265000e+000
  1.5859000e+000
  1.5518000e+000
  1.5551000e+000
  1.5207000e+000
  1.4847000e+000
  1.4773000e+000
  1.4667000e+000
  1.4411000e+000
  1.4106000e+000
  1.3915000e+000
  1.3807000e+000
  1.3643000e+000
  1.3629000e+000
  1.3489000e+000
  1.3186000e+000
  1.3050000e+000
  1.2920000e+000
  1.3056000e+000
  1.2689000e+000
  1.2685000e+000
  1.2569000e+000
  1.2429000e+000
  1.2432000e+000
  1.2394000e+000
  1.2039000e+000
  1.1912000e+000
  1.1871000e+000
  1.1954000e+000
  1.1781000e+000
  1.1623000e+000
  1.1839000e+000
  1.1712000e+000
  1.1556000e+000
  1.1391000e+000
  1.1445000e+000
  1.1323000e+000
  1.1087000e+000
  1.1090000e+000
  1.1134000e+000
  1.1084000e+000
  1.1013000e+000
  1.0758000e+000
  1.0836000e+000
  1.0948000e+000
  1.0722000e+000
  1.0920000e+000
  1.0943000e+000
  1.0652000e+000
  1.0827000e+000
  1.0666000e+000
  1.0581000e+000
  1.0560000e+000
  1.0475000e+000
  1.0443000e+000
  1.0573000e+000
  1.0554000e+000
  1.0543000e+000
  1.0412000e+000
  1.0191000e+000
  1.0234000e+000
  1.0332000e+000
  1.0281000e+000
  1.0136000e+000
  1.0271000e+000
  1.0309000e+000
  1.0161000e+000
  1.0222000e+000
  1.0106000e+000
  1.0049000e+000
  1.0291000e+000
  1.0067000e+000
  9.9310000e-001
  1.0180000e+000
  9.9820000e-001
  1.0108000e+000
  9.9840000e-001
  1.0106000e+000
  9.9730000e-001
  9.9990000e-001
  9.9660000e-001
  1.0003000e+000
  1.0023000e+000
  9.8370000e-001
  9.8270000e-001
  9.7910000e-001
  9.9380000e-001
  9.8510000e-001
  9.7300000e-001
  9.7160000e-001
  9.8070000e-001
  9.8420000e-001
  9.8720000e-001
  9.7950000e-001
  9.8180000e-001
  9.6600000e-001
  9.5750000e-001
  9.7040000e-001
  9.5890000e-001
  9.5800000e-001
  9.7320000e-001
  9.7670000e-001
  9.6030000e-001
  9.6380000e-001
  9.6000000e-001
  9.6530000e-001
  9.7150000e-001
  9.6170000e-001
  9.4790000e-001
  9.5540000e-001
  9.7430000e-001
  9.6060000e-001
  9.6020000e-001
  9.6170000e-001
  9.6060000e-001
  9.5680000e-001
  9.8790000e-001
  9.6530000e-001
  9.5840000e-001
  9.5910000e-001
  9.8500000e-001
  9.5610000e-001
  9.7410000e-001
  9.6810000e-001
  9.6230000e-001
  9.7480000e-001
  9.6050000e-001
  9.6060000e-001
  9.7930000e-001
  9.7490000e-001
  9.7600000e-001
  1.0014000e+000
  9.7240000e-001
  9.6990000e-001
  9.7170000e-001
  9.8420000e-001
  9.8400000e-001
  9.7060000e-001
  1.0011000e+000
  9.9090000e-001
  9.7180000e-001
  9.9590000e-001
  1.0003000e+000
  1.0044000e+000
  9.9360000e-001
  9.9160000e-001
  9.8750000e-001
  9.9740000e-001
  1.0095000e+000
  9.8760000e-001
  9.8940000e-001
  9.9530000e-001
  9.8890000e-001
  1.0233000e+000
  1.0222000e+000
  1.0061000e+000
  1.0334000e+000
  1.0302000e+000
  1.0198000e+000
  1.0235000e+000
  1.0430000e+000
  1.0228000e+000
  1.0320000e+000
  1.0268000e+000
  1.0548000e+000
  1.0433000e+000
  1.0397000e+000
  1.0448000e+000
  1.0531000e+000
  1.0439000e+000
  1.0515000e+000
  1.0493000e+000
  1.0429000e+000
  1.0363000e+000
  1.0369000e+000
  1.0496000e+000
  1.0491000e+000
  1.0604000e+000
  1.0470000e+000
  1.0530000e+000
  1.0498000e+000
  1.0621000e+000
  1.0596000e+000
  1.0457000e+000
  1.0317000e+000
  1.0420000e+000
  1.0219000e+000
  1.0237000e+000
  1.0184000e+000
  1.0053000e+000
  1.0301000e+000
  1.0113000e+000
  9.9450000e-001
  9.7460000e-001
  9.6980000e-001
  9.8000000e-001
  9.5150000e-001
  9.3500000e-001
  9.2790000e-001
  9.3240000e-001
  9.2630000e-001
  9.0930000e-001
  8.6400000e-001
  8.5990000e-001
  8.6010000e-001
  8.3870000e-001
  8.4350000e-001
  7.9650000e-001
  8.1900000e-001
  7.8340000e-001
  7.5940000e-001
  7.4970000e-001
  7.3670000e-001
  7.2230000e-001
  7.0130000e-001
  6.9240000e-001
  6.9100000e-001
  6.5560000e-001
  6.4830000e-001
  6.3980000e-001
  6.1670000e-001
  6.1200000e-001
  5.8690000e-001
  5.8520000e-001
  5.5760000e-001
  5.5360000e-001
  5.4010000e-001
  5.2170000e-001
  5.2260000e-001
  5.0380000e-001
  4.9530000e-001
  4.8150000e-001
  4.6780000e-001
  4.5730000e-001
  4.5100000e-001
  4.3730000e-001
  4.3580000e-001
  4.2570000e-001
  4.2810000e-001
  4.0780000e-001
  3.9240000e-001
  3.9130000e-001
  3.9640000e-001
  3.9590000e-001
  3.6830000e-001
  3.7530000e-001
  3.5700000e-001
  3.5440000e-001
  3.5620000e-001
  3.4240000e-001
  3.4520000e-001
  3.4920000e-001
  3.3230000e-001
  3.3120000e-001
  3.3010000e-001
  3.1360000e-001
  3.2030000e-001
  3.1270000e-001
  3.0600000e-001
  3.0250000e-001
  3.0470000e-001
  3.0360000e-001
  2.9000000e-001
  2.9410000e-001
  2.8070000e-001
  2.8540000e-001
  2.8490000e-001
  2.9020000e-001
  2.7850000e-001
  2.7380000e-001
  2.6720000e-001
  2.6220000e-001
  2.4960000e-001
  2.6180000e-001
  2.6550000e-001
  2.5770000e-001
  2.5440000e-001
  2.6350000e-001
  2.4310000e-001
  2.5170000e-001
  2.4450000e-001
  2.4180000e-001
  2.4640000e-001
  2.3890000e-001
  2.2570000e-001
  2.4010000e-001
  2.3170000e-001
  2.3760000e-001
  2.3010000e-001
  2.2100000e-001
  2.2290000e-001
  2.2990000e-001
  2.2270000e-001
  2.2280000e-001
  2.1990000e-001
  2.2450000e-001
  2.1840000e-001
  2.1350000e-001
  2.1090000e-001
  2.1740000e-001
  2.2150000e-001
  2.0380000e-001
  2.0470000e-001
  2.1310000e-001
  2.1350000e-001
  2.1300000e-001
  2.0090000e-001
  2.2210000e-001
  2.1080000e-001
  2.1250000e-001
  2.1710000e-001
  2.1740000e-001
  2.1850000e-001
  2.2310000e-001
  2.1980000e-001
  2.2480000e-001
  2.2280000e-001
  2.1890000e-001
  2.2520000e-001
  2.3950000e-001
  2.3020000e-001
  2.4030000e-001
  2.5480000e-001
  2.5900000e-001
  2.6550000e-001
  2.5550000e-001
  2.7880000e-001
  3.0240000e-001
  2.8940000e-001
  3.0920000e-001
  3.2900000e-001
  3.4330000e-001
  3.4900000e-001
  3.6970000e-001
  4.0160000e-001
  4.0810000e-001
  4.3650000e-001
  4.7520000e-001
  4.9700000e-001
  5.3400000e-001
  5.6760000e-001
  5.9950000e-001
  6.5120000e-001
  6.7400000e-001
  7.3630000e-001
  8.0060000e-001
  8.5200000e-001
  9.1170000e-001
  9.9010000e-001
  1.0252000e+000
  1.1010000e+000
  1.1757000e+000
  1.2381000e+000
  1.3418000e+000
  1.3874000e+000
  1.4859000e+000
  1.5747000e+000
  1.6719000e+000
  1.7680000e+000
  1.8321000e+000
  1.9713000e+000
  2.0491000e+000
  2.1674000e+000
  2.2446000e+000
  2.3808000e+000
  2.4679000e+000
  2.5617000e+000
  2.6684000e+000
  2.7515000e+000
  2.8533000e+000
  2.9561000e+000
  3.0375000e+000
  3.1071000e+000
  3.2015000e+000
  3.3388000e+000
  3.4226000e+000
  3.4730000e+000
  3.5166000e+000
  3.6483000e+000
  3.6795000e+000
  3.7675000e+000
  3.8202000e+000
  3.8370000e+000
  3.8629000e+000
  3.9236000e+000
  3.9250000e+000
  3.9455000e+000
  3.9912000e+000
  3.9829000e+000
  3.9766000e+000
  3.9445000e+000
  3.9281000e+000
  3.9152000e+000
  3.8771000e+000
  3.9008000e+000
  3.7790000e+000
  3.7641000e+000
  3.7217000e+000
  3.6885000e+000
  3.6192000e+000
  3.5457000e+000
  3.4623000e+000
  3.4091000e+000
  3.3100000e+000
  3.2536000e+000
  3.1741000e+000
  3.0753000e+000
  3.0022000e+000
  2.9177000e+000
  2.8416000e+000
  2.7283000e+000
  2.6534000e+000
  2.5676000e+000
  2.4947000e+000
  2.3807000e+000
  2.2738000e+000
  2.2187000e+000
  2.1350000e+000
  2.0627000e+000
  1.9805000e+000
  1.9135000e+000
  1.8239000e+000
  1.7539000e+000
  1.6947000e+000
  1.6122000e+000
  1.5418000e+000
  1.4730000e+000
  1.4381000e+000
  1.3845000e+000
  1.2928000e+000
  1.2465000e+000
  1.2074000e+000
  1.1423000e+000
  1.0977000e+000
  1.0600000e+000
  1.0108000e+000
  9.7270000e-001
  9.3430000e-001
  8.7420000e-001
  8.3970000e-001
  8.1910000e-001
  7.8560000e-001
  7.5740000e-001
  7.1460000e-001
  6.9260000e-001
  6.6290000e-001
  6.3880000e-001
  6.0280000e-001
  5.9310000e-001
  5.6070000e-001
  5.4800000e-001
  5.3320000e-001
  4.9840000e-001
  4.9990000e-001
  4.7160000e-001
  4.5270000e-001
  4.4570000e-001
  4.2100000e-001
  4.1370000e-001
  3.9210000e-001
  3.8290000e-001
  3.6820000e-001
  3.5000000e-001
  3.4940000e-001
  3.2300000e-001
  3.2330000e-001
  3.1130000e-001
  3.0490000e-001
  2.8220000e-001
  2.7330000e-001
  2.6440000e-001
  2.5180000e-001
  2.4720000e-001
  2.3810000e-001
  2.2810000e-001
  2.1830000e-001
  2.0420000e-001
  1.9830000e-001
  1.9190000e-001
  1.8700000e-001
  1.7350000e-001
  1.6950000e-001
  1.5780000e-001
  1.5950000e-001
  1.4530000e-001
  1.4350000e-001
  1.2960000e-001
  1.3210000e-001
  1.1920000e-001
  1.1230000e-001
  1.0910000e-001
  1.0440000e-001
  1.0440000e-001
  9.2800000e-002
  8.9700000e-002
  8.7600000e-002
  8.2000000e-002
  7.2900000e-002
  7.2900000e-002
  6.9700000e-002
  6.1700000e-002
  6.7900000e-002
  5.1300000e-002
  5.4800000e-002
  5.3700000e-002
  5.1000000e-002
  4.5200000e-002
  4.4700000e-002
  4.2000000e-002
  3.7500000e-002
  3.8000000e-002
  3.3400000e-002
  3.3100000e-002
  3.5100000e-002
  2.9900000e-002
  2.7000000e-002
  2.7200000e-002
  2.4400000e-002
  2.3000000e-002
  2.3000000e-002
  1.9500000e-002
  2.1600000e-002
  1.6400000e-002
  1.7900000e-002
  1.7300000e-002
  1.7100000e-002
  1.6900000e-002
  1.4000000e-002
  1.5400000e-002
  1.3500000e-002
  1.4900000e-002
  1.3400000e-002
  1.1800000e-002
  1.1400000e-002
  1.1200000e-002
  1.0400000e-002
  8.3000000e-003
  9.5000000e-003
  8.4000000e-003
  9.6000000e-003
  8.1000000e-003
  8.6000000e-003
  7.7000000e-003
  6.8000000e-003
  9.6000000e-003
  7.0000000e-003
  8.8000000e-003
  6.3000000e-003
  7.8000000e-003
  6.7000000e-003
  7.1000000e-003
  7.3000000e-003
  7.4000000e-003
  6.4000000e-003
  5.9000000e-003
  6.2000000e-003
  7.9000000e-003
  7.1000000e-003
  7.6000000e-003
  7.1000000e-003
  6.8000000e-003
  6.1000000e-003
  6.7000000e-003
  7.4000000e-003
  7.6000000e-003
  5.2000000e-003
  7.2000000e-003
  6.5000000e-003
  5.0000000e-003
  4.9000000e-003
  6.9000000e-003
  6.1000000e-003
  5.8000000e-003
  5.8000000e-003
  6.9000000e-003
  7.2000000e-003
  6.3000000e-003
  5.7000000e-003
  7.2000000e-003
  7.0000000e-003
  6.1000000e-003
  7.1000000e-003
  6.4000000e-003
  6.5000000e-003
  6.6000000e-003
  7.2000000e-003
  6.0000000e-003
  7.3000000e-003
  7.2000000e-003
  5.7000000e-003
  6.2000000e-003
  7.9000000e-003
  5.8000000e-003
  8.5000000e-003
  6.5000000e-003
  6.9000000e-003
  6.5000000e-003
  6.0000000e-003
  6.5000000e-003
  8.2000000e-003
  7.7000000e-003
  6.2000000e-003
  5.2000000e-003
  7.0000000e-003
  6.6000000e-003
  5.8000000e-003
  5.8000000e-003
  6.9000000e-003
  5.2000000e-003
  6.3000000e-003
  6.7000000e-003
  6.4000000e-003
  5.7000000e-003
  5.9000000e-003
  5.3000000e-003
  5.5000000e-003
  6.3000000e-003
  4.8000000e-003
  8.1000000e-003
  6.7000000e-003
  6.4000000e-003
  6.9000000e-003
  7.6000000e-003
  6.8000000e-003
  6.9000000e-003
  6.3000000e-003
  6.9000000e-003
  5.7000000e-003
  4.8000000e-003
  5.1000000e-003
  7.1000000e-003
  5.9000000e-003
  5.8000000e-003
  6.3000000e-003
  5.5000000e-003
  6.0000000e-003
  5.8000000e-003
  5.1000000e-003
  6.1000000e-003
  5.9000000e-003
  6.5000000e-003
  5.4000000e-003
  5.9000000e-003
  5.8000000e-003
  4.7000000e-003
  4.3000000e-003
  6.7000000e-003
  5.6000000e-003
  6.1000000e-003
  4.8000000e-003
  5.6000000e-003
  5.4000000e-003
  4.9000000e-003
  4.8000000e-003
  4.6000000e-003
  6.7000000e-003
  4.7000000e-003
  5.8000000e-003
  5.3000000e-003
  5.8000000e-003
  5.4000000e-003
  5.6000000e-003
  5.4000000e-003
  5.8000000e-003
  6.2000000e-003
  5.2000000e-003
  6.5000000e-003
  6.2000000e-003
  5.1000000e-003
  4.7000000e-003
  5.0000000e-003
  5.8000000e-003
  5.6000000e-003
  4.2000000e-003
  4.9000000e-003
  4.2000000e-003
  4.8000000e-003
  5.3000000e-003
  6.7000000e-003
  4.0000000e-003
  4.3000000e-003
  4.6000000e-003
  4.9000000e-003
  4.9000000e-003
  5.5000000e-003
  4.6000000e-003
  5.1000000e-003
  4.2000000e-003
  5.9000000e-003
  5.2000000e-003
  4.5000000e-003
  5.8000000e-003
  5.2000000e-003
  5.4000000e-003
  3.6000000e-003
  4.3000000e-003
  5.1000000e-003
  4.3000000e-003
  3.7000000e-003
  4.6000000e-003
  4.6000000e-003
  5.4000000e-003
  4.3000000e-003
  4.4000000e-003
  4.5000000e-003
  3.9000000e-003
  4.4000000e-003
  3.8000000e-003
  4.3000000e-003
  4.3000000e-003
  2.8000000e-003
  3.5000000e-003
  3.8000000e-003
  3.3000000e-003
  5.0000000e-003
  3.8000000e-003
  5.1000000e-003
  4.6000000e-003
  3.5000000e-003
  5.3000000e-003
  3.8000000e-003
  4.3000000e-003
  3.5000000e-003
  3.2000000e-003
  3.5000000e-003
  4.9000000e-003
  4.7000000e-003
  3.7000000e-003
  4.4000000e-003
  4.9000000e-003
  4.2000000e-003
  4.6000000e-003
  4.8000000e-003
  4.0000000e-003
  5.3000000e-003
  3.7000000e-003
  3.4000000e-003
  3.2000000e-003
  3.9000000e-003
  4.6000000e-003
  4.1000000e-003
  4.8000000e-003
  4.4000000e-003
  3.0000000e-003
  4.3000000e-003
  3.1000000e-003
  4.5000000e-003
  4.2000000e-003
  4.7000000e-003
  4.0000000e-003
  3.5000000e-003
  5.2000000e-003
  3.1000000e-003
  4.3000000e-003
  4.3000000e-003
  3.4000000e-003
  4.2000000e-003
  3.7000000e-003
  4.0000000e-003
  4.4000000e-003
  3.6000000e-003
  5.2000000e-003
  4.6000000e-003
  3.9000000e-003
  5.9000000e-003
  4.9000000e-003
  4.0000000e-003
  5.2000000e-003
  4.3000000e-003
  3.6000000e-003
  3.8000000e-003
  4.6000000e-003
  4.1000000e-003
  3.5000000e-003
  3.8000000e-003
  4.1000000e-003
  4.3000000e-003
  3.2000000e-003
  5.3000000e-003
  5.4000000e-003
  4.5000000e-003
  3.8000000e-003
  4.6000000e-003
  4.5000000e-003
  4.4000000e-003
  4.4000000e-003
  5.0000000e-003
  4.3000000e-003
  4.1000000e-003
  3.7000000e-003
  3.3000000e-003
  3.3000000e-003
  3.9000000e-003
  4.5000000e-003
  3.7000000e-003
  5.0000000e-003
  4.2000000e-003
  4.2000000e-003
  3.2000000e-003
  3.0000000e-003
  4.6000000e-003
  4.3000000e-003
  3.6000000e-003
  3.1000000e-003
  3.6000000e-003
  3.4000000e-003
  4.3000000e-003
  3.3000000e-003
  4.3000000e-003
  3.7000000e-003
  3.9000000e-003
  3.2000000e-003
  3.5000000e-003
  3.7000000e-003
  3.2000000e-003
  5.0000000e-003
  3.5000000e-003
  4.2000000e-003
  4.2000000e-003
  2.7000000e-003
  4.2000000e-003
  4.8000000e-003
  4.0000000e-003
  4.6000000e-003
  2.8000000e-003
  3.8000000e-003
  2.9000000e-003
  3.4000000e-003
  3.3000000e-003
  3.2000000e-003
  3.2000000e-003
  3.4000000e-003
  4.2000000e-003
  3.7000000e-003
  3.6000000e-003
  5.2000000e-003
  4.0000000e-003
  3.2000000e-003
  3.2000000e-003
  3.7000000e-003
  4.1000000e-003
  3.6000000e-003
  4.0000000e-003
  2.8000000e-003
  2.2000000e-003
  3.1000000e-003
  2.8000000e-003
  3.2000000e-003
  2.7000000e-003
  2.1000000e-003
  2.9000000e-003
  2.6000000e-003
  2.7000000e-003
  2.6000000e-003
  3.9000000e-003
  3.5000000e-003
  2.3000000e-003
  4.3000000e-003
  3.0000000e-003
  2.4000000e-003
  2.9000000e-003
  4.6000000e-003
  3.0000000e-003
  3.9000000e-003
  3.5000000e-003
  2.3000000e-003
  3.2000000e-003
  3.6000000e-003
  3.8000000e-003
  4.6000000e-003
  3.5000000e-003
  3.4000000e-003
  3.4000000e-003
  3.0000000e-003
  3.0000000e-003
  2.6000000e-003
  2.7000000e-003
  2.7000000e-003
  3.3000000e-003
  2.5000000e-003
  2.2000000e-003
  2.6000000e-003
  3.8000000e-003
  3.4000000e-003
  2.4000000e-003
  3.1000000e-003
  2.9000000e-003
  2.3000000e-003
  2.4000000e-003
  3.1000000e-003
  2.9000000e-003
  2.6000000e-003
  3.8000000e-003
  3.2000000e-003
  3.0000000e-003
  1.9000000e-003
  1.8000000e-003
  2.4000000e-003
  2.5000000e-003
  2.7000000e-003
  2.7000000e-003
  2.5000000e-003
  2.9000000e-003
  2.7000000e-003
  2.7000000e-003
  2.3000000e-003
  3.1000000e-003
  3.6000000e-003
  2.2000000e-003
  3.0000000e-003
  2.5000000e-003
  3.1000000e-003
  2.4000000e-003
  2.1000000e-003
  3.2000000e-003
  1.9000000e-003
  2.3000000e-003
  2.4000000e-003
  2.6000000e-003
  2.4000000e-003
  2.6000000e-003
  2.4000000e-003
  2.4000000e-003
  2.4000000e-003
  2.9000000e-003
  2.3000000e-003
  3.2000000e-003
  2.3000000e-003
  1.7000000e-003
  2.5000000e-003
  2.6000000e-003
  2.1000000e-003
  2.0000000e-003
  1.9000000e-003
  2.1000000e-003
  2.2000000e-003
  1.8000000e-003
  3.5000000e-003
  1.5000000e-003
  1.3000000e-003
  1.9000000e-003
  1.8000000e-003
  1.8000000e-003
  2.9000000e-003
  1.8000000e-003
  2.4000000e-003
  2.3000000e-003
  3.0000000e-003
  1.8000000e-003
  2.6000000e-003
  1.7000000e-003
  2.0000000e-003
  3.5000000e-003
  3.1000000e-003
  2.2000000e-003
  1.8000000e-003
  1.7000000e-003
  2.4000000e-003
  2.3000000e-003
  2.7000000e-003
  1.8000000e-003
  3.4000000e-003
  2.7000000e-003
  1.5000000e-003
  1.5000000e-003
  2.7000000e-003
  2.5000000e-003
  2.3000000e-003
  2.1000000e-003
  2.5000000e-003
  2.2000000e-003
  2.1000000e-003
  1.6000000e-003
  2.0000000e-003
  1.9000000e-003
  1.7000000e-003
  2.7000000e-003
  2.2000000e-003
  2.5000000e-003
  2.2000000e-003
  2.8000000e-003
  2.3000000e-003
  2.2000000e-003
  2.7000000e-003
  2.7000000e-003
  1.6000000e-003
  1.9000000e-003
  2.3000000e-003
  1.5000000e-003
  2.2000000e-003
  1.9000000e-003
  2.4000000e-003
  1.9000000e-003
  2.4000000e-003
  2.0000000e-003
  1.9000000e-003
  1.9000000e-003
  2.0000000e-003
  1.7000000e-003
  2.6000000e-003
  1.8000000e-003
  2.4000000e-003
  2.7000000e-003
  3.1000000e-003
  2.4000000e-003
  2.2000000e-003
  2.6000000e-003
  2.3000000e-003
  3.0000000e-003
  2.6000000e-003
  3.3000000e-003
  1.7000000e-003
  1.7000000e-003
  2.4000000e-003
  1.8000000e-003
  3.4000000e-003
  2.1000000e-003
  2.4000000e-003
  3.0000000e-003
  2.6000000e-003
  2.6000000e-003
  3.3000000e-003
  3.4000000e-003
  3.2000000e-003
  2.3000000e-003
  2.3000000e-003
  2.1000000e-003
  2.6000000e-003
  3.0000000e-003
  2.9000000e-003
  2.2000000e-003
  4.1000000e-003
  3.0000000e-003
  2.8000000e-003
  3.3000000e-003
  3.7000000e-003
  2.5000000e-003
  3.2000000e-003
  3.3000000e-003
  2.8000000e-003
  3.0000000e-003
  2.5000000e-003
  2.1000000e-003
  2.7000000e-003
  3.7000000e-003
  2.3000000e-003
  3.5000000e-003
  3.9000000e-003
  2.7000000e-003
  4.0000000e-003
  3.7000000e-003
  3.7000000e-003
  3.7000000e-003
  3.0000000e-003
  2.8000000e-003
  3.6000000e-003
  3.1000000e-003
  4.6000000e-003
  4.6000000e-003
  3.7000000e-003
  3.3000000e-003
  3.9000000e-003
  2.7000000e-003
  3.5000000e-003
  3.9000000e-003
  4.2000000e-003
  3.7000000e-003
  2.8000000e-003
  3.6000000e-003
  4.6000000e-003
  4.2000000e-003
  3.1000000e-003
  4.2000000e-003
  3.9000000e-003
  3.2000000e-003
  3.7000000e-003
  2.4000000e-003
  3.2000000e-003
  4.8000000e-003
  2.7000000e-003
  3.1000000e-003
  4.3000000e-003
  2.9000000e-003
  2.4000000e-003
  4.2000000e-003
  2.9000000e-003
  3.1000000e-003
  2.5000000e-003
  3.6000000e-003
  3.2000000e-003
  3.9000000e-003
  2.9000000e-003
  3.6000000e-003
  4.2000000e-003
  2.7000000e-003
  3.2000000e-003
  3.0000000e-003
  2.6000000e-003
  2.2000000e-003
  3.3000000e-003
  2.7000000e-003
  3.1000000e-003
  2.5000000e-003
  3.2000000e-003
  4.2000000e-003
  2.7000000e-003
  3.0000000e-003
  2.6000000e-003
  3.9000000e-003
  3.1000000e-003
  3.5000000e-003
  3.5000000e-003
  3.1000000e-003
  3.3000000e-003
  1.8000000e-003
  2.1000000e-003
  2.0000000e-003
  3.5000000e-003
  2.9000000e-003
  2.2000000e-003
  2.4000000e-003
  1.9000000e-003
  2.7000000e-003
  3.1000000e-003
  2.8000000e-003
  2.2000000e-003
  3.2000000e-003
  2.7000000e-003
  1.9000000e-003
  2.4000000e-003
  2.5000000e-003
  2.8000000e-003
  2.0000000e-003
  2.4000000e-003
  2.8000000e-003
  1.7000000e-003
  1.7000000e-003
  1.7000000e-003
  2.1000000e-003
  2.3000000e-003
  1.8000000e-003
  1.5000000e-003
  1.4000000e-003
  1.6000000e-003
  2.2000000e-003
  2.8000000e-003
  1.0000000e-003
  1.7000000e-003
  2.2000000e-003
  2.5000000e-003
  1.5000000e-003
  1.8000000e-003
  2.3000000e-003
  2.1000000e-003
  2.1000000e-003
  2.0000000e-003
  2.4000000e-003
  2.0000000e-003
  2.1000000e-003
  1.8000000e-003
  1.9000000e-003
  1.6000000e-003
  2.0000000e-003
  1.6000000e-003
  1.8000000e-003
  1.6000000e-003
  2.3000000e-003
  1.7000000e-003
  1.6000000e-003
  1.5000000e-003
  1.7000000e-003
  1.4000000e-003
  1.7000000e-003
  2.8000000e-003
  8.0000000e-004
  1.4000000e-003
  1.4000000e-003
  1.0000000e-003
  9.0000000e-004
  1.3000000e-003
  1.4000000e-003
  1.7000000e-003
  1.5000000e-003
  1.2000000e-003
  1.4000000e-003
  9.0000000e-004
  1.1000000e-003
  1.4000000e-003
  1.4000000e-003
  1.2000000e-003
  1.1000000e-003
  1.1000000e-003
  1.3000000e-003
  1.6000000e-003
  1.0000000e-003
  1.2000000e-003
  2.1000000e-003
  1.4000000e-003
  1.1000000e-003
  1.3000000e-003
  9.0000000e-004
  1.2000000e-003
  1.5000000e-003
  1.8000000e-003
  1.0000000e-003
  1.3000000e-003
  1.1000000e-003
  1.4000000e-003
  8.0000000e-004
  1.0000000e-003
  1.0000000e-003
  1.1000000e-003
  1.5000000e-003
  1.2000000e-003
  1.3000000e-003
  1.4000000e-003
  1.3000000e-003
  1.2000000e-003
  1.1000000e-003
  1.0000000e-003
  1.0000000e-003
  1.7000000e-003
  1.0000000e-003
  1.1000000e-003
  1.1000000e-003
  9.0000000e-004
  1.4000000e-003
  1.0000000e-003
  1.4000000e-003
  8.0000000e-004
  1.1000000e-003
  1.0000000e-003
  8.0000000e-004
  9.0000000e-004
  7.0000000e-004
  1.7000000e-003
  8.0000000e-004
  5.0000000e-004
  1.1000000e-003
  1.3000000e-003
  7.0000000e-004
  1.3000000e-003
  1.2000000e-003
  1.1000000e-003
  1.2000000e-003
  1.0000000e-003
  1.1000000e-003
  1.3000000e-003
  8.0000000e-004
  6.0000000e-004
  7.0000000e-004
  1.0000000e-003
  8.0000000e-004
  9.0000000e-004
  8.0000000e-004
  1.1000000e-003
  1.1000000e-003
  1.1000000e-003
  6.0000000e-004
  1.2000000e-003
  1.2000000e-003
  8.0000000e-004
  7.0000000e-004
  1.0000000e-003
  1.0000000e-003
  1.0000000e-003
  4.0000000e-004
  8.0000000e-004
  1.0000000e-003
  6.0000000e-004
  1.4000000e-003
  8.0000000e-004
  8.0000000e-004
  1.5000000e-003
  1.4000000e-003
  1.0000000e-003
  1.6000000e-003
  7.0000000e-004
  6.0000000e-004
  1.7000000e-003
  1.0000000e-003
  1.2000000e-003
  1.1000000e-003
  1.0000000e-003
  7.0000000e-004
  1.0000000e-003
  8.0000000e-004
  7.0000000e-004
  6.0000000e-004
  1.2000000e-003
  7.0000000e-004
  8.0000000e-004
  8.0000000e-004
  1.0000000e-003
  9.0000000e-004
  1.0000000e-003
  8.0000000e-004
  9.0000000e-004
  5.0000000e-004
  7.0000000e-004
  7.0000000e-004
  1.0000000e-003
  1.5000000e-003
  7.0000000e-004
  1.3000000e-003
  8.0000000e-004
  8.0000000e-004
  1.1000000e-003
  1.4000000e-003
  6.0000000e-004
  8.0000000e-004
  7.0000000e-004
  1.1000000e-003
  1.1000000e-003
  1.4000000e-003
  1.2000000e-003
  1.4000000e-003
  6.0000000e-004
  1.3000000e-003
  5.0000000e-004
  1.2000000e-003
  9.0000000e-004
  9.0000000e-004
  4.0000000e-004
  9.0000000e-004
  8.0000000e-004
  1.4000000e-003
  1.2000000e-003
  1.2000000e-003
  8.0000000e-004
  1.1000000e-003
  1.1000000e-003
  8.0000000e-004
  1.1000000e-003
  9.0000000e-004
  1.2000000e-003
  8.0000000e-004
  9.0000000e-004
  1.1000000e-003
  1.3000000e-003
  1.7000000e-003
  1.1000000e-003
  1.9000000e-003
  1.4000000e-003
  9.0000000e-004
  6.0000000e-004
  8.0000000e-004
  1.4000000e-003
  1.1000000e-003
  1.3000000e-003
  8.0000000e-004
  5.0000000e-004
  7.0000000e-004
  5.0000000e-004
  8.0000000e-004
  8.0000000e-004
  1.0000000e-003
  7.0000000e-004
  1.2000000e-003
  8.0000000e-004
  1.4000000e-003
  5.0000000e-004
  7.0000000e-004
  1.4000000e-003
  7.0000000e-004
  1.3000000e-003
  5.0000000e-004
  1.0000000e-003
  9.0000000e-004
  1.0000000e-003
  1.0000000e-003
  6.0000000e-004
  1.0000000e-003
  7.0000000e-004
  8.0000000e-004
  6.0000000e-004
  5.0000000e-004
  5.0000000e-004
  1.4000000e-003
  1.3000000e-003
  1.0000000e-003
  1.0000000e-003
  5.0000000e-004
  8.0000000e-004
  7.0000000e-004
  1.1000000e-003
  8.0000000e-004
  3.0000000e-004
  1.1000000e-003
  7.0000000e-004
  1.2000000e-003
  9.0000000e-004
  9.0000000e-004
  1.1000000e-003
  7.0000000e-004
  5.0000000e-004
  7.0000000e-004
  5.0000000e-004
  9.0000000e-004
  7.0000000e-004
  4.0000000e-004
  9.0000000e-004
  7.0000000e-004
  7.0000000e-004
  6.0000000e-004
  3.0000000e-004
  6.0000000e-004
  1.1000000e-003
  4.0000000e-004
  1.4000000e-003
  4.0000000e-004
  6.0000000e-004
  0.0000000e+000
  5.0000000e-004
  3.0000000e-004
  6.0000000e-004
  1.4000000e-003
  6.0000000e-004
  8.0000000e-004
  3.0000000e-004
  7.0000000e-004
  6.0000000e-004
  9.0000000e-004
  4.0000000e-004
  8.0000000e-004
  2.0000000e-004
  8.0000000e-004
  4.0000000e-004
  7.0000000e-004
  7.0000000e-004
  7.0000000e-004
  7.0000000e-004
  6.0000000e-004
  5.0000000e-004
  1.0000000e-003
  8.0000000e-004
  2.0000000e-004
  3.0000000e-004
  1.0000000e-003
  6.0000000e-004
  5.0000000e-004
  6.0000000e-004
  4.0000000e-004
  4.0000000e-004
  3.0000000e-004
  7.0000000e-004
  7.0000000e-004
  6.0000000e-004
  4.0000000e-004
  5.0000000e-004
  6.0000000e-004
  3.0000000e-004
  6.0000000e-004
  5.0000000e-004
  8.0000000e-004
  6.0000000e-004
  5.0000000e-004
  6.0000000e-004
  4.0000000e-004
  4.0000000e-004
  1.2000000e-003
  5.0000000e-004
  4.0000000e-004
  5.0000000e-004
  2.0000000e-004
  4.0000000e-004
  6.0000000e-004
  4.0000000e-004
  7.0000000e-004
  1.0000000e-004
  5.0000000e-004
  7.0000000e-004
  4.0000000e-004
  5.0000000e-004
  5.0000000e-004
  5.0000000e-004
  2.0000000e-004
  8.0000000e-004
  1.1000000e-003
  1.0000000e-004
  6.0000000e-004
  1.0000000e-004
  5.0000000e-004
  6.0000000e-004
  4.0000000e-004
  7.0000000e-004
  4.0000000e-004
  3.0000000e-004
  5.0000000e-004
  5.0000000e-004
  4.0000000e-004
  8.0000000e-004
  4.0000000e-004
  8.0000000e-004
  1.0000000e-004
  3.0000000e-004
  0.0000000e+000
  9.0000000e-004
  2.0000000e-004
  4.0000000e-004
  6.0000000e-004
  3.0000000e-004
  1.0000000e-004
  3.0000000e-004
  8.0000000e-004
  4.0000000e-004
  2.0000000e-004
  2.0000000e-004
  3.0000000e-004
  4.0000000e-004
  4.0000000e-004
  3.0000000e-004
  7.0000000e-004
  2.0000000e-004
  0.0000000e+000
  2.0000000e-004
  3.0000000e-004
  6.0000000e-004
  4.0000000e-004
  6.0000000e-004
  3.0000000e-004
  5.0000000e-004
  5.0000000e-004
  5.0000000e-004
  7.0000000e-004
  3.0000000e-004
  5.0000000e-004
  6.0000000e-004
  5.0000000e-004
  5.0000000e-004
  3.0000000e-004
  3.0000000e-004
  7.0000000e-004
  4.0000000e-004
  3.0000000e-004
  2.0000000e-004
  2.0000000e-004
  5.0000000e-004
  3.0000000e-004
  5.0000000e-004
  4.0000000e-004
  3.0000000e-004
  6.0000000e-004
  2.0000000e-004
  5.0000000e-004
  3.0000000e-004
  4.0000000e-004
  4.0000000e-004
  4.0000000e-004
  5.0000000e-004
  2.0000000e-004
  6.0000000e-004
  9.0000000e-004
  3.0000000e-004
  4.0000000e-004
  3.0000000e-004
  3.0000000e-004
  4.0000000e-004
  3.0000000e-004
  7.0000000e-004
  7.0000000e-004
  4.0000000e-004
  4.0000000e-004
  4.0000000e-004
  7.0000000e-004
  5.0000000e-004
  7.0000000e-004
  4.0000000e-004
  3.0000000e-004
  5.0000000e-004
  4.0000000e-004
  3.0000000e-004
  9.0000000e-004
  7.0000000e-004
  4.0000000e-004
  4.0000000e-004
  2.0000000e-004
  4.0000000e-004
  8.0000000e-004
  3.0000000e-004
  4.0000000e-004
  4.0000000e-004
  4.0000000e-004
  2.0000000e-004
  6.0000000e-004
  3.0000000e-004
  4.0000000e-004
  1.0000000e-004
  5.0000000e-004
  2.0000000e-004
  1.0000000e-004
  4.0000000e-004
  6.0000000e-004
  4.0000000e-004
  5.0000000e-004
  5.0000000e-004
  5.0000000e-004
  2.0000000e-004
  3.0000000e-004
  9.0000000e-004
  6.0000000e-004
  5.0000000e-004
  4.0000000e-004
  9.0000000e-004
  4.0000000e-004
  6.0000000e-004
  0.0000000e+000
  5.0000000e-004
  5.0000000e-004
  3.0000000e-004
  3.0000000e-004
  6.0000000e-004
  7.0000000e-004
  1.0000000e-003
  4.0000000e-004
  4.0000000e-004
  4.0000000e-004
  8.0000000e-004
  5.0000000e-004
  7.0000000e-004
  3.0000000e-004
  6.0000000e-004
  1.0000000e-004
  7.0000000e-004
  5.0000000e-004
  2.0000000e-004
  4.0000000e-004
  5.0000000e-004
  6.0000000e-004
  4.0000000e-004
  6.0000000e-004
  4.0000000e-004
  7.0000000e-004
  4.0000000e-004
  1.0000000e-004
  6.0000000e-004
  6.0000000e-004
  1.0000000e-004
  6.0000000e-004
  3.0000000e-004
  6.0000000e-004
  5.0000000e-004
  2.0000000e-004
  3.0000000e-004
  3.0000000e-004
  5.0000000e-004
  5.0000000e-004
  3.0000000e-004
  3.0000000e-004
  2.0000000e-004
  1.0000000e-004
  5.0000000e-004
  5.0000000e-004
  7.0000000e-004
  6.0000000e-004
  6.0000000e-004
  4.0000000e-004
  3.0000000e-004
  6.0000000e-004
  4.0000000e-004
  4.0000000e-004
  7.0000000e-004
  6.0000000e-004
  7.0000000e-004
  4.0000000e-004
  2.0000000e-004
  6.0000000e-004
  2.0000000e-004
  5.0000000e-004
  6.0000000e-004
  2.0000000e-004
  0.0000000e+000
  7.0000000e-004
  2.0000000e-004
  8.0000000e-004
  6.0000000e-004
  6.0000000e-004
  5.0000000e-004
  2.0000000e-004
  3.0000000e-004
  8.0000000e-004
  6.0000000e-004
  7.0000000e-004
  6.0000000e-004
  1.0000000e-003
  1.0000000e-003
  3.0000000e-004
  3.0000000e-004
  1.0000000e-004
  2.0000000e-004
  2.0000000e-004
  5.0000000e-004
  4.0000000e-004
  6.0000000e-004
  5.0000000e-004
  7.0000000e-004
  7.0000000e-004
  8.0000000e-004
  8.0000000e-004
  9.0000000e-004
  3.0000000e-004
  2.0000000e-004
  5.0000000e-004
  4.0000000e-004
  5.0000000e-004
  9.0000000e-004
  5.0000000e-004
  8.0000000e-004
  6.0000000e-004
  1.1000000e-003
  4.0000000e-004
  4.0000000e-004
  8.0000000e-004
  8.0000000e-004
  7.0000000e-004
  4.0000000e-004
  1.0000000e-003
  6.0000000e-004
  4.0000000e-004
  5.0000000e-004
  5.0000000e-004
  6.0000000e-004
  7.0000000e-004
  7.0000000e-004
  1.0000000e-003
  1.2000000e-003
  6.0000000e-004
  8.0000000e-004
  8.0000000e-004
  5.0000000e-004
  8.0000000e-004
  8.0000000e-004
  3.0000000e-004
  7.0000000e-004
  4.0000000e-004
  8.0000000e-004
  8.0000000e-004
  9.0000000e-004
  6.0000000e-004
  6.0000000e-004
  4.0000000e-004
  6.0000000e-004
  6.0000000e-004
  5.0000000e-004
  9.0000000e-004
  4.0000000e-004
  6.0000000e-004
  7.0000000e-004
  8.0000000e-004
  6.0000000e-004
  9.0000000e-004
  6.0000000e-004
  5.0000000e-004
  3.0000000e-004
  1.6000000e-003
  9.0000000e-004
  4.0000000e-004
  9.0000000e-004
  5.0000000e-004
  6.0000000e-004
  7.0000000e-004
  7.0000000e-004
  8.0000000e-004
  7.0000000e-004
  5.0000000e-004
  3.0000000e-004
  8.0000000e-004
  7.0000000e-004
  3.0000000e-004
  7.0000000e-004
  9.0000000e-004
  6.0000000e-004
  4.0000000e-004
  5.0000000e-004
  2.0000000e-004
  9.0000000e-004
  6.0000000e-004
  6.0000000e-004
  1.0000000e-003
  7.0000000e-004
  1.0000000e-003
  3.0000000e-004
  9.0000000e-004
  8.0000000e-004
  4.0000000e-004
  2.0000000e-004
  1.0000000e-003
  7.0000000e-004
  1.0000000e-003
  1.0000000e-003
  8.0000000e-004
  4.0000000e-004
  0.0000000e+000
  0.0000000e+000
  0.0000000e+000
  0.0000000e+000
  0.0000000e+000
  0.0000000e+000
  0.0000000e+000
  0.0000000e+000
  0.0000000e+000
  0.0000000e+000
  0.0000000e+000
  0.0000000e+000
  0.0000000e+000
  0.0000000e+000
  0.0000000e+000
  0.0000000e+000
  0.0000000e+000
  0.0000000e+000
  0.0000000e+000
  0.0000000e+000
  0.0000000e+000
  0.0000000e+000
  0.0000000e+000
  0.0000000e+000
  0.0000000e+000
  0.0000000e+000
  0.0000000e+000
  0.0000000e+000
  0.0000000e+000
  0.0000000e+000
  0.0000000e+000
  0.0000000e+000
  0.0000000e+000
  0.0000000e+000
  0.0000000e+000
  0.0000000e+000
  0.0000000e+000
  0.0000000e+000
  0.0000000e+000
  0.0000000e+000
  0.0000000e+000
  0.0000000e+000
  0.0000000e+000
  0.0000000e+000
  0.0000000e+000
  0.0000000e+000